66666 2008  046 0009 2008 0 6                 BAVI              20201203
20082018 002 2 187 1228 1006     000                                    
20082100 002 2 202 1231 1008     000                                    
20082106 002 2 213 1232 1006     000                                    
20082112 002 2 221 1231 1006     000                                    
20082118 002 2 229 1230 1004     000                                    
20082200 002 3 234 1226 1000     035     00000 0000 20150 0060          
20082206 002 3 243 1235  994     045     00000 0000 20150 0060          
20082209 002 4 247 1237  990     055     20050 0040 20180 0090          
20082212 002 4 253 1238  990     055     20050 0040 20180 0120          
20082215 002 4 256 1235  990     055     20050 0040 20180 0120          
20082218 002 4 257 1236  990     055     20050 0040 20180 0120          
20082221 002 4 260 1238  990     055     20050 0040 20180 0120          
20082300 002 4 263 1239  990     055     20050 0040 20180 0120          
20082303 002 4 265 1240  990     055     20050 0040 30180 0120          
20082306 002 4 266 1243  990     055     20050 0040 30180 0120          
20082309 002 4 267 1246  990     055     20050 0040 30180 0120          
20082312 002 4 268 1250  985     060     30060 0040 30210 0150          
20082315 002 4 270 1252  985     060     30060 0040 30210 0150          
20082318 002 4 271 1256  985     060     30060 0040 30210 0150          
20082321 002 4 272 1259  985     060     30060 0040 30210 0150          
20082400 002 5 273 1261  980     065     30080 0060 20210 0150          
20082403 002 5 274 1264  975     065     30080 0060 20210 0150          
20082406 002 5 278 1264  975     065     30080 0060 20210 0150          
20082409 002 5 282 1264  975     065     30080 0060 20210 0150          
20082412 002 5 284 1263  970     070     20090 0070 20210 0150          
20082418 002 5 286 1260  965     075     20090 0070 20210 0150          
20082500 002 5 292 1257  955     080     20090 0070 20210 0150          
20082506 002 5 298 1255  955     080     20100 0080 20210 0150          
20082512 002 5 306 1252  955     080     20100 0080 20210 0120          
20082518 002 5 314 1248  955     080     20100 0080 20210 0120          
20082600 002 5 324 1245  950     085     20100 0080 20210 0120          
20082606 002 5 336 1243  950     085     20100 0080 20210 0120          
20082612 002 5 350 1244  955     080     90080 0080 20210 0150          
20082618 002 5 370 1252  965     070     90080 0080 20210 0150          
20082700 002 4 391 1253  980     055     90030 0030 20150 0090          
20082706 002 6 420 1250  992     000                                    
20082712 002 6 438 1262  996     000                                    
20082718 002 6 454 1270  998     000                                    
20082800 002 6 450 1261 1002     000                                    
20082806 002 6 447 1256 1002     000                                    
20082812 002 6 446 1259 1004     000                                    
20082818 002 6 453 1252 1006     000                                    
20082900 002 6 464 1246 1006     000                                    
20082906 002 6 468 1236 1008     000                                    
20082912 002 6 466 1238 1010     000                                    
20082918 002 6 466 1244 1012     000                                                  