66666 2009  057 0010 2009 0 6               MAYSAK              20201214
20082700 002 2 148 1323 1004     000                                    
20082706 002 2 154 1321 1002     000                                    
20082712 002 2 161 1319 1002     000                                    
20082718 002 2 168 1318 1000     000                                    
20082800 002 2 174 1311 1000     000                                    
20082806 002 3 172 1302  996     035     00000 0000 50150 0090          
20082812 002 3 167 1300  994     040     00000 0000 60240 0150          
20082818 002 4 165 1297  990     050     00000 0000 60240 0150          
20082900 002 4 165 1296  985     055     90030 0030 60240 0150          
20082906 002 4 167 1293  985     055     90030 0030 60240 0150          
20082912 002 5 170 1290  975     065     90030 0030 60240 0150          
20082918 002 5 170 1290  970     070     90050 0050 50270 0240          
20083000 002 5 172 1290  965     075     90050 0050 40270 0240          
20083006 002 5 184 1290  965     075     90050 0050 40270 0240          
20083012 002 5 193 1290  955     080     90080 0080 30300 0240          
20083018 002 5 207 1289  955     080     90080 0080 20300 0240          
20083100 002 5 224 1284  955     080     90080 0080 20300 0240          
20083103 002 5 233 1282  955     080     90080 0080 20300 0240          
20083106 002 5 242 1276  955     080     90080 0080 20300 0240          
20083109 002 5 245 1272  955     080     90080 0080 20300 0240          
20083112 002 5 250 1271  950     085     90100 0100 20300 0240          
20083115 002 5 255 1268  950     085     90100 0100 20300 0240          
20083118 002 5 261 1265  940     090     90100 0100 20300 0240          
20083121 002 5 265 1262  940     090     90100 0100 20300 0240          
20090100 002 5 269 1260  935     095     90100 0100 20270 0240          
20090103 002 5 273 1259  935     095     90100 0100 20270 0240          
20090106 002 5 276 1261  935     095     90110 0110 20270 0240          
20090109 002 5 281 1262  935     095     90110 0110 90240 0240          
20090112 002 5 284 1263  935     095     90110 0110 90240 0240          
20090115 002 5 289 1265  940     090     90110 0110 90240 0240          
20090118 002 5 294 1266  940     090     90110 0110 90240 0240          
20090121 002 5 300 1266  945     085     90130 0130 90240 0240          
20090200 002 5 305 1267  945     085     90130 0130 90270 0270          
20090203 002 5 312 1269  945     085     90130 0130 90270 0270          
20090206 002 5 317 1271  950     080     90130 0130 90270 0270          
20090209 002 5 326 1277  950     080     90130 0130 90270 0270          
20090212 002 5 332 1279  950     080     90130 0130 90270 0270          
20090215 002 5 341 1283  950     080     90130 0130 90270 0270          
20090218 002 5 355 1288  955     075     90130 0130 90300 0300          
20090221 002 5 370 1294  960     070     90130 0130 90300 0300          
20090300 002 5 388 1297  965     065     30130 0090 90300 0300          
20090306 002 6 423 1291  976     000                                    
20090312 002 6 456 1274  976     000                                    
20090318 002 6 470 1253  976     000                                    
20090400 002 6 481 1241  976     000                                    
20090406 002 6 489 1234  978     000                                    
20090412 002 6 489 1231  982     000                                    
20090418 002 6 495 1233  988     000                                    
20090500 002 6 506 1240  992     000                                    
20090506 002 6 516 1248  996     000                                    
20090512 002 6 524 1257 1000     000                                    
20090518 002 6 529 1264 1002     000                                    
20090600 002 6 531 1269 1004     000                                    
20090606 002 6 530 1273 1006     000                                    
20090612 002 6 526 1286 1008     000                                    
20090618 002 6 520 1301 1010     000                                    
20090700 002 6 519 1321 1012     000    